300 30 2 0
300 80 2 0
150 130 2 0
200 130 2 0
250 130 3 0
300 130 2 0
500 130 11 0
100 180 2 0
150 180 2 0
300 180 2 0
450 180 11 0
500 180 11 0
550 180 11 0
0 230 6 0
50 230 2 0
100 230 2 0
400 230 11 0
450 230 11 0
500 230 11 0
550 230 11 0
600 230 11 0
0 280 0 0
300 280 0 0
350 280 11 0
400 280 11 0
450 280 11 0
500 280 11 0
550 280 11 0
600 280 11 0
650 280 11 0
0 330 1 0
50 330 12 0
250 330 3 0
300 330 1 0
550 330 0 0
600 330 0 0
650 330 0 0
700 330 0 0
750 330 0 0
0 380 7 0
50 380 12 0
100 380 12 0
200 380 0 0
250 380 3 0
300 380 1 0
500 380 0 0
550 380 4 0
750 380 4 0
0 430 1 0
50 430 1 0
100 430 1 0
150 430 0 0
200 430 1 0
250 430 3 0
300 430 1 0
450 430 0 0
500 430 4 0
550 430 4 0
750 430 4 0
0 480 1 0
50 480 1 0
100 480 9 0
250 480 3 0
300 480 1 0
350 480 10 0
400 480 0 0
450 480 4 0
500 480 4 0
550 480 4 0
750 480 4 0
0 530 1 0
50 530 1 0
100 530 1 0
150 530 1 0
200 530 1 0
250 530 1 0
300 530 1 0
350 530 1 0
400 530 1 0
450 530 1 0
500 530 1 0
550 530 1 0
600 530 1 0
650 530 1 0
700 530 1 0
750 530 1 0
