550 30 2 0
400 80 10 0
550 80 2 0
400 130 2 0
450 130 12 0
500 130 12 0
550 130 2 0
350 180 2 0
400 180 2 0
500 180 9 0
550 180 2 0
300 230 2 0
350 230 2 0
400 230 2 0
450 230 2 0
500 230 2 0
550 230 2 0
0 280 6 0
250 280 2 0
300 280 2 0
350 280 2 0
400 280 2 0
0 330 2 0
50 330 2 0
100 330 2 0
150 330 2 0
200 330 2 0
250 330 2 0
300 330 2 0
350 330 2 0
400 330 2 0
300 380 12 0
300 430 12 0
650 430 11 0
0 480 4 0
300 480 12 0
650 480 11 0
700 480 7 0
0 530 4 0
100 530 4 0
200 530 4 0
250 530 4 0
300 530 4 0
350 530 4 0
400 530 4 0
450 530 12 0
500 530 12 0
550 530 12 0
600 530 4 0
650 530 4 0
700 530 4 0
750 530 4 0
