700 80 7 0
400 130 11 0
450 130 11 0
500 130 11 0
550 130 11 0
600 130 11 0
700 130 3 0
650 180 3 0
700 180 3 0
600 230 3 0
650 230 3 0
550 280 3 0
600 280 3 0
450 330 3 0
500 330 3 0
550 330 3 0
400 380 3 0
450 380 3 0
500 380 3 0
700 380 2 0
50 430 6 0
350 430 3 0
400 430 3 0
650 430 2 0
700 430 2 0
0 480 0 0
50 480 0 0
100 480 0 0
200 480 8 1
300 480 3 0
350 480 3 0
400 480 3 0
600 480 2 0
650 480 2 0
700 480 2 0
750 480 9 0
150 530 0 0
200 530 0 0
250 530 0 0
300 530 0 0
350 530 0 0
400 530 0 0
450 530 0 0
500 530 0 0
550 530 0 0
600 530 0 0
650 530 0 0
700 530 0 0
750 530 0 0
