200 80 6 0
0 130 11 0
50 130 11 0
100 130 11 0
150 130 11 0
200 130 0 0
250 130 0 0
300 130 0 0
350 130 0 0
400 130 0 0
450 130 0 0
500 130 0 0
550 130 0 0
600 130 0 0
650 130 0 0
700 130 3 0
750 130 0 0
200 180 1 0
750 180 1 0
200 230 1 0
300 230 0 0
350 230 0 0
400 230 0 0
450 230 0 0
500 230 0 0
550 230 0 0
600 230 0 0
650 230 0 0
700 230 0 0
750 230 1 0
0 280 7 0
200 280 1 0
750 280 1 0
0 330 1 0
50 330 1 0
100 330 1 0
150 330 1 0
200 330 1 0
250 330 0 0
300 330 0 0
350 330 0 0
400 330 0 0
450 330 0 0
500 330 0 0
550 330 0 0
600 330 0 0
650 330 0 0
750 330 1 0
0 380 1 0
50 380 1 0
100 380 1 0
150 380 1 0
200 380 1 0
750 380 4 0
0 430 1 0
50 430 1 0
100 430 1 0
150 430 1 0
200 430 1 0
250 430 9 0
750 430 4 0
0 480 1 0
50 480 1 0
100 480 1 0
150 480 1 0
200 480 1 0
250 480 0 0
300 480 0 0
350 480 0 0
400 480 0 0
450 480 0 0
500 480 0 0
550 480 0 0
600 480 0 0
650 480 0 0
700 480 0 0
750 480 0 0
0 530 1 0
50 530 1 0
100 530 1 0
150 530 1 0
200 530 1 0
250 530 1 0
300 530 1 0
350 530 1 0
400 530 1 0
450 530 1 0
500 530 1 0
550 530 1 0
600 530 1 0
650 530 1 0
700 530 1 0
750 530 1 0
