100 330 4 0
150 330 4 0
600 330 4 0
650 330 4 0
700 330 12 0
750 330 12 0
0 380 3 0
50 380 3 0
100 380 4 0
150 380 4 0
200 380 11 0
550 380 4 0
600 380 4 0
650 380 4 0
100 430 4 0
150 430 4 0
200 430 11 0
250 430 11 0
500 430 4 0
550 430 4 0
600 430 4 0
650 430 4 0
50 480 10 0
100 480 4 0
150 480 4 0
200 480 7 0
250 480 11 0
300 480 11 0
400 480 6 0
450 480 4 0
500 480 4 0
550 480 4 0
600 480 4 0
650 480 4 0
700 480 9 0
0 530 0 0
50 530 0 0
100 530 0 0
150 530 0 0
200 530 0 0
250 530 0 0
300 530 0 0
350 530 0 0
400 530 0 0
450 530 0 0
500 530 0 0
550 530 0 0
600 530 0 0
650 530 0 0
700 530 0 0
750 530 0 0
