50 80 6 0
650 80 10 0
0 130 0 0
50 130 0 0
100 130 0 0
150 130 3 0
200 130 0 0
250 130 0 0
300 130 0 0
350 130 0 0
400 130 0 0
450 130 0 0
500 130 0 0
550 130 0 0
600 130 0 0
650 130 0 0
700 130 0 0
750 130 0 0
0 180 1 0
50 180 1 0
100 180 1 0
300 180 12 0
700 180 1 0
750 180 1 0
0 230 1 0
50 230 1 0
100 230 1 0
300 230 12 0
700 230 1 0
750 230 1 0
0 280 1 0
50 280 1 0
100 280 1 0
150 280 1 0
200 280 1 0
250 280 1 0
300 280 12 0
350 280 1 0
400 280 1 0
450 280 1 0
500 280 1 0
550 280 1 0
600 280 1 0
650 280 11 0
700 280 1 0
750 280 1 0
0 330 1 0
250 330 1 0
350 330 4 0
600 330 4 0
700 330 1 0
750 330 1 0
0 380 1 0
50 380 9 0
250 380 1 0
350 380 4 0
600 380 4 0
700 380 1 0
750 380 1 0
0 430 1 0
50 430 1 0
250 430 1 0
350 430 4 0
600 430 4 0
750 430 1 0
0 480 1 0
50 480 1 0
100 480 1 0
350 480 4 0
600 480 4 0
700 480 7 0
750 480 1 0
0 530 1 0
50 530 1 0
100 530 1 0
150 530 1 0
200 530 1 0
250 530 1 0
300 530 1 0
350 530 1 0
400 530 1 0
450 530 1 0
500 530 1 0
550 530 1 0
600 530 1 0
650 530 1 0
700 530 1 0
750 530 1 0
