50 130 6 0
700 130 7 0
0 180 0 0
50 180 0 0
100 180 0 0
150 180 0 0
600 180 0 0
650 180 0 0
700 180 0 0
750 180 0 0
0 230 4 0
150 230 4 0
600 230 4 0
750 230 4 0
0 280 4 0
150 280 4 0
200 280 2 0
250 280 2 0
300 280 2 0
350 280 2 0
400 280 2 0
450 280 2 0
500 280 2 0
550 280 2 0
600 280 4 0
750 280 4 0
0 330 4 0
150 330 4 0
600 330 4 0
750 330 4 0
0 380 4 0
150 380 4 0
600 380 4 0
750 380 4 0
0 430 4 0
150 430 4 0
200 430 0 0
250 430 0 0
300 430 0 0
350 430 0 0
400 430 0 0
450 430 0 0
500 430 0 0
550 430 0 0
600 430 4 0
750 430 4 0
0 480 4 0
150 480 4 0
200 480 4 0
350 480 4 0
400 480 4 0
550 480 4 0
600 480 4 0
750 480 4 0
0 530 4 0
150 530 4 0
200 530 4 0
350 530 4 0
400 530 4 0
550 530 4 0
600 530 4 0
750 530 4 0
