750 230 7 0
600 280 0 0
650 280 0 0
700 280 0 0
750 280 0 0
500 330 12 0
550 330 12 0
600 330 1 0
650 330 1 0
700 330 1 0
750 330 1 0
400 380 12 0
450 380 12 0
600 380 1 0
650 380 1 0
700 380 1 0
750 380 1 0
0 430 6 0
100 430 10 0
300 430 12 0
350 430 12 0
600 430 1 0
650 430 1 0
700 430 1 0
750 430 1 0
0 480 0 0
50 480 0 0
100 480 0 0
150 480 0 0
200 480 12 0
250 480 12 0
600 480 1 0
650 480 1 0
700 480 1 0
750 480 1 0
0 530 1 0
50 530 1 0
100 530 1 0
150 530 1 0
600 530 1 0
650 530 1 0
700 530 1 0
750 530 1 0
