0 130 6 0
0 180 3 0
50 180 3 0
100 180 3 0
150 180 3 0
200 180 3 0
250 180 3 0
300 180 3 0
350 180 3 0
400 180 3 0
450 180 3 0
500 180 3 0
550 180 3 0
600 180 3 0
650 180 3 0
700 180 3 0
750 180 3 0
750 230 7 0
650 280 0 0
700 280 0 0
750 280 0 0
500 330 0 0
550 330 0 0
600 330 0 0
650 330 1 0
700 330 1 0
750 330 1 0
150 380 0 0
200 380 0 0
250 380 0 0
300 380 0 0
350 380 0 0
400 380 0 0
450 380 0 0
500 380 1 0
550 380 1 0
600 380 1 0
650 380 1 0
700 380 1 0
750 380 1 0
0 430 0 0
50 430 0 0
100 430 0 0
150 430 1 0
200 430 1 0
250 430 1 0
300 430 1 0
350 430 1 0
400 430 1 0
450 430 1 0
500 430 1 0
550 430 1 0
600 430 1 0
650 430 1 0
700 430 1 0
750 430 1 0
0 480 1 0
50 480 1 0
100 480 1 0
150 480 1 0
200 480 1 0
250 480 1 0
300 480 1 0
350 480 1 0
400 480 1 0
450 480 1 0
500 480 1 0
550 480 1 0
600 480 1 0
650 480 1 0
700 480 1 0
750 480 1 0
0 530 4 0
50 530 4 0
100 530 4 0
150 530 4 0
200 530 4 0
250 530 4 0
300 530 4 0
350 530 4 0
400 530 4 0
450 530 4 0
500 530 4 0
550 530 4 0
600 530 4 0
650 530 4 0
700 530 4 0
750 530 4 0
