500 0 11 0
50 50 6 0
500 50 11 0
0 100 0 0
50 100 0 0
100 100 0 0
150 100 0 0
200 100 3 0
250 100 1 0
350 100 1 0
400 100 11 0
450 100 11 0
500 100 11 0
550 100 11 0
600 100 11 0
650 100 11 0
700 100 11 0
750 100 11 0
0 150 1 0
50 150 1 0
100 150 1 0
150 150 1 0
200 150 3 0
250 150 1 0
350 150 1 0
700 150 10 0
0 200 1 0
50 200 1 0
100 200 1 0
150 200 1 0
200 200 3 0
250 200 1 0
350 200 1 0
550 200 2 0
600 200 2 0
650 200 2 0
700 200 2 0
750 200 2 0
0 250 1 0
50 250 1 0
100 250 1 0
150 250 1 0
200 250 3 0
250 250 1 0
350 250 1 0
400 250 2 0
450 250 2 0
500 250 2 0
550 250 2 0
250 300 1 0
350 300 1 0
500 300 12 0
550 300 12 0
700 300 3 0
50 350 0 0
100 350 0 0
150 350 0 0
200 350 0 0
250 350 1 0
300 350 0 0
350 350 1 0
500 350 12 0
550 350 12 0
650 350 3 0
700 350 3 0
300 400 9 0
350 400 4 0
500 400 12 0
550 400 12 0
600 400 3 0
650 400 3 0
700 400 3 0
750 400 7 0
0 450 0 0
50 450 0 0
100 450 0 0
150 450 0 0
200 450 0 0
250 450 0 0
300 450 0 0
350 450 0 0
400 450 0 0
450 450 0 0
500 450 0 0
550 450 0 0
600 450 0 0
650 450 0 0
700 450 0 0
750 450 0 0
0 500 1 0
50 500 1 0
100 500 1 0
150 500 1 0
200 500 1 0
250 500 1 0
300 500 1 0
350 500 1 0
400 500 1 0
450 500 1 0
500 500 1 0
550 500 1 0
600 500 1 0
650 500 1 0
700 500 1 0
750 500 1 0
