550 30 1 0
600 30 1 0
650 30 1 0
700 30 1 0
750 30 1 0
550 80 1 0
600 80 1 0
650 80 1 0
700 80 1 0
750 80 1 0
50 130 6 0
550 130 1 0
600 130 1 0
650 130 1 0
700 130 1 0
750 130 1 0
0 180 0 0
50 180 0 0
100 180 0 0
150 180 0 0
200 180 3 0
250 180 1 0
300 180 11 0
350 180 11 0
400 180 1 0
450 180 12 0
500 180 12 0
550 180 1 0
600 180 1 0
650 180 1 0
700 180 1 0
750 180 1 0
250 230 1 0
400 230 1 0
0 280 9 0
250 280 1 0
400 280 1 0
750 280 7 0
0 330 0 0
50 330 0 0
100 330 0 0
150 330 0 0
200 330 0 0
250 330 1 0
400 330 1 0
700 330 11 0
750 330 1 0
0 380 1 0
50 380 1 0
100 380 1 0
150 380 1 0
200 380 1 0
250 380 1 0
400 380 4 0
650 380 11 0
700 380 11 0
750 380 4 0
0 430 1 0
50 430 1 0
100 430 1 0
150 430 1 0
200 430 1 0
250 430 1 0
400 430 4 0
600 430 11 0
650 430 11 0
700 430 11 0
750 430 4 0
0 480 1 0
50 480 1 0
100 480 1 0
150 480 1 0
200 480 1 0
250 480 1 0
300 480 10 0
400 480 4 0
550 480 11 0
600 480 11 0
650 480 11 0
700 480 11 0
750 480 4 0
0 530 1 0
50 530 1 0
100 530 1 0
150 530 1 0
200 530 1 0
250 530 1 0
300 530 0 0
350 530 0 0
400 530 0 0
450 530 0 0
500 530 0 0
550 530 0 0
600 530 0 0
650 530 0 0
700 530 0 0
750 530 0 0
