550 30 11 0
500 80 10 0
550 80 11 0
500 130 2 0
350 180 2 0
400 180 2 0
450 180 2 0
500 180 2 0
50 230 6 0
250 230 2 0
300 230 2 0
350 230 2 0
400 230 2 0
450 230 2 0
500 230 2 0
750 230 7 0
0 280 0 0
50 280 0 0
100 280 0 0
150 280 0 0
200 280 2 0
250 280 2 0
300 280 2 0
350 280 2 0
400 280 2 0
450 280 2 0
500 280 2 0
550 280 12 0
600 280 12 0
650 280 12 0
700 280 12 0
750 280 4 0
0 330 4 0
150 330 4 0
750 330 4 0
0 380 4 0
150 380 4 0
200 380 0 0
250 380 0 0
300 380 0 0
350 380 0 0
400 380 0 0
450 380 0 0
500 380 0 0
750 380 4 0
0 430 4 0
150 430 4 0
200 430 4 0
500 430 12 0
750 430 4 0
0 480 4 0
150 480 4 0
200 480 4 0
350 480 9 0
500 480 12 0
750 480 4 0
0 530 4 0
150 530 4 0
200 530 1 0
250 530 0 0
300 530 0 0
350 530 0 0
400 530 0 0
450 530 0 0
500 530 0 0
550 530 0 0
600 530 0 0
650 530 0 0
700 530 0 0
750 530 1 0
