500 130 2 0
550 130 2 0
700 130 10 0
450 180 2 0
500 180 2 0
550 180 1 0
600 180 1 0
650 180 1 0
700 180 1 0
750 180 1 0
400 230 2 0
450 230 2 0
550 230 1 0
600 230 1 0
650 230 1 0
700 230 1 0
750 230 1 0
350 280 2 0
400 280 2 0
700 280 9 0
300 330 2 0
350 330 2 0
500 330 12 0
550 330 1 0
600 330 1 0
650 330 1 0
700 330 1 0
750 330 1 0
250 380 2 0
300 380 2 0
450 380 12 0
500 380 12 0
550 380 11 0
200 430 2 0
250 430 2 0
400 430 12 0
450 430 12 0
550 430 11 0
0 480 6 0
150 480 2 0
200 480 2 0
350 480 12 0
400 480 12 0
550 480 11 0
700 480 7 0
0 530 0 0
50 530 0 0
100 530 0 0
150 530 0 0
200 530 0 0
250 530 0 0
300 530 0 0
350 530 0 0
400 530 0 0
450 530 0 0
500 530 0 0
550 530 0 0
600 530 0 0
650 530 0 0
700 530 0 0
750 530 0 0
