600 30 12 0
600 80 12 0
650 80 9 0
500 130 12 0
550 130 12 0
600 130 12 0
650 130 0 0
700 130 0 0
750 130 11 0
400 180 12 0
450 180 12 0
650 180 1 0
700 180 1 0
300 230 12 0
350 230 12 0
650 230 1 0
700 230 1 0
0 280 6 0
100 280 10 0
200 280 12 0
250 280 12 0
650 280 1 0
700 280 1 0
0 330 0 0
50 330 0 0
100 330 0 0
150 330 0 0
200 330 0 0
250 330 0 0
300 330 0 0
350 330 0 0
400 330 0 0
450 330 0 0
500 330 0 0
550 330 0 0
600 330 0 0
650 330 1 0
700 330 1 0
0 380 1 0
50 380 1 0
100 380 1 0
150 380 1 0
200 380 1 0
250 380 1 0
300 380 1 0
350 380 1 0
400 380 1 0
450 380 1 0
500 380 1 0
550 380 1 0
600 380 1 0
650 380 1 0
700 380 1 0
0 430 1 0
450 430 11 0
500 430 11 0
0 480 1 0
50 480 7 0
450 480 11 0
500 480 11 0
0 530 1 0
50 530 0 0
100 530 0 0
150 530 0 0
200 530 5000 0
250 530 5000 0
300 530 8 2
350 530 5000 0
400 530 5000 0
450 530 0 0
500 530 0 0
550 530 5000 0
600 530 5000 0
650 530 8 2
700 530 5000 0
750 530 5000 0
