500 230 10 0
450 280 4 0
500 280 4 0
550 280 4 0
600 280 12 0
650 280 12 0
700 280 12 0
750 280 12 0
300 330 4 0
350 330 4 0
400 330 4 0
450 330 4 0
550 330 4 0
750 330 7 0
50 380 6 0
150 380 4 0
200 380 4 0
250 380 4 0
300 380 4 0
400 380 4 0
450 380 4 0
500 380 4 0
550 380 4 0
600 380 2 0
650 380 2 0
700 380 2 0
750 380 2 0
0 430 4 0
50 430 4 0
100 430 4 0
150 430 4 0
250 430 4 0
300 430 4 0
350 430 4 0
400 430 4 0
450 430 4 0
500 430 4 0
550 430 4 0
0 480 4 0
100 480 4 0
150 480 4 0
200 480 4 0
250 480 4 0
300 480 4 0
350 480 4 0
400 480 4 0
450 480 4 0
500 480 4 0
550 480 4 0
0 530 4 0
50 530 4 0
100 530 4 0
150 530 4 0
200 530 4 0
250 530 4 0
300 530 4 0
350 530 4 0
400 530 4 0
450 530 4 0
500 530 4 0
550 530 1 0
600 530 0 0
650 530 0 0
700 530 0 0
750 530 0 0
