150 130 7 0
50 180 6 0
150 180 0 0
200 180 0 0
250 180 0 0
0 230 0 0
50 230 0 0
100 230 0 0
150 230 4 0
250 230 4 0
300 230 0 0
600 230 0 0
650 230 0 0
700 230 0 0
750 230 0 0
0 280 4 0
150 280 4 0
250 280 4 0
300 280 1 0
350 280 0 0
400 280 0 0
450 280 0 0
500 280 0 0
550 280 0 0
600 280 1 0
750 280 4 0
0 330 4 0
150 330 4 0
250 330 4 0
300 330 4 0
350 330 4 0
550 330 4 0
600 330 4 0
750 330 4 0
0 380 4 0
150 380 4 0
250 380 4 0
300 380 4 0
350 380 4 0
550 380 4 0
600 380 4 0
750 380 4 0
0 430 4 0
150 430 4 0
250 430 4 0
300 430 4 0
350 430 4 0
550 430 4 0
600 430 4 0
750 430 4 0
0 480 4 0
150 480 4 0
250 480 4 0
300 480 4 0
350 480 4 0
550 480 4 0
600 480 4 0
750 480 4 0
0 530 4 0
150 530 4 0
250 530 4 0
300 530 4 0
350 530 4 0
550 530 4 0
600 530 4 0
750 530 4 0
